0 0 0
0 1 0.999843
0 2 0.124844
0 3 0.0368831
0 4 0.0154737
0 5 0.00785212
0 6 0.00448621
0 7 0.00277767
0 8 0.00182236
0 9 0.00124966
0 10 0.000888628
0 11 0.000653142
0 12 0.000496837
0 13 0.000393535
0 14 0.000328073
0 15 0.00029177
0 16 0.000280133
0 17 0.00029177
0 18 0.000328073
0 19 0.000393535
0 20 0.000496837
0 21 0.000653142
0 22 0.000888628
0 23 0.00124966
0 24 0.00182236
0 25 0.00277767
0 26 0.00448621
0 27 0.00785212
0 28 0.0154737
0 29 0.0368831
0 30 0.124844
0 31 0.999843
1 0 0.999843
1 1 0
1 2 0.999843
1 3 0.124844
1 4 0.0368831
1 5 0.0154737
1 6 0.00785212
1 7 0.00448621
1 8 0.00277767
1 9 0.00182236
1 10 0.00124966
1 11 0.000888628
1 12 0.000653142
1 13 0.000496837
1 14 0.000393535
1 15 0.000328073
1 16 0.00029177
1 17 0.000280133
1 18 0.00029177
1 19 0.000328073
1 20 0.000393535
1 21 0.000496837
1 22 0.000653142
1 23 0.000888628
1 24 0.00124966
1 25 0.00182236
1 26 0.00277767
1 27 0.00448621
1 28 0.00785212
1 29 0.0154737
1 30 0.0368831
1 31 0.124844
2 0 0.124844
2 1 0.999843
2 2 0
2 3 0.999843
2 4 0.124844
2 5 0.0368831
2 6 0.0154737
2 7 0.00785212
2 8 0.00448621
2 9 0.00277767
2 10 0.00182236
2 11 0.00124966
2 12 0.000888628
2 13 0.000653142
2 14 0.000496837
2 15 0.000393535
2 16 0.000328073
2 17 0.00029177
2 18 0.000280133
2 19 0.00029177
2 20 0.000328073
2 21 0.000393535
2 22 0.000496837
2 23 0.000653142
2 24 0.000888628
2 25 0.00124966
2 26 0.00182236
2 27 0.00277767
2 28 0.00448621
2 29 0.00785212
2 30 0.0154737
2 31 0.0368831
3 0 0.0368831
3 1 0.124844
3 2 0.999843
3 3 0
3 4 0.999843
3 5 0.124844
3 6 0.0368831
3 7 0.0154737
3 8 0.00785212
3 9 0.00448621
3 10 0.00277767
3 11 0.00182236
3 12 0.00124966
3 13 0.000888628
3 14 0.000653142
3 15 0.000496837
3 16 0.000393535
3 17 0.000328073
3 18 0.00029177
3 19 0.000280133
3 20 0.00029177
3 21 0.000328073
3 22 0.000393535
3 23 0.000496837
3 24 0.000653142
3 25 0.000888628
3 26 0.00124966
3 27 0.00182236
3 28 0.00277767
3 29 0.00448621
3 30 0.00785212
3 31 0.0154737
4 0 0.0154737
4 1 0.0368831
4 2 0.124844
4 3 0.999843
4 4 0
4 5 0.999843
4 6 0.124844
4 7 0.0368831
4 8 0.0154737
4 9 0.00785212
4 10 0.00448621
4 11 0.00277767
4 12 0.00182236
4 13 0.00124966
4 14 0.000888628
4 15 0.000653142
4 16 0.000496837
4 17 0.000393535
4 18 0.000328073
4 19 0.00029177
4 20 0.000280133
4 21 0.00029177
4 22 0.000328073
4 23 0.000393535
4 24 0.000496837
4 25 0.000653142
4 26 0.000888628
4 27 0.00124966
4 28 0.00182236
4 29 0.00277767
4 30 0.00448621
4 31 0.00785212
5 0 0.00785212
5 1 0.0154737
5 2 0.0368831
5 3 0.124844
5 4 0.999843
5 5 0
5 6 0.999843
5 7 0.124844
5 8 0.0368831
5 9 0.0154737
5 10 0.00785212
5 11 0.00448621
5 12 0.00277767
5 13 0.00182236
5 14 0.00124966
5 15 0.000888628
5 16 0.000653142
5 17 0.000496837
5 18 0.000393535
5 19 0.000328073
5 20 0.00029177
5 21 0.000280133
5 22 0.00029177
5 23 0.000328073
5 24 0.000393535
5 25 0.000496837
5 26 0.000653142
5 27 0.000888628
5 28 0.00124966
5 29 0.00182236
5 30 0.00277767
5 31 0.00448621
6 0 0.00448621
6 1 0.00785212
6 2 0.0154737
6 3 0.0368831
6 4 0.124844
6 5 0.999843
6 6 0
6 7 0.999843
6 8 0.124844
6 9 0.0368831
6 10 0.0154737
6 11 0.00785212
6 12 0.00448621
6 13 0.00277767
6 14 0.00182236
6 15 0.00124966
6 16 0.000888628
6 17 0.000653142
6 18 0.000496837
6 19 0.000393535
6 20 0.000328073
6 21 0.00029177
6 22 0.000280133
6 23 0.00029177
6 24 0.000328073
6 25 0.000393535
6 26 0.000496837
6 27 0.000653142
6 28 0.000888628
6 29 0.00124966
6 30 0.00182236
6 31 0.00277767
7 0 0.00277767
7 1 0.00448621
7 2 0.00785212
7 3 0.0154737
7 4 0.0368831
7 5 0.124844
7 6 0.999843
7 7 0
7 8 0.999843
7 9 0.124844
7 10 0.0368831
7 11 0.0154737
7 12 0.00785212
7 13 0.00448621
7 14 0.00277767
7 15 0.00182236
7 16 0.00124966
7 17 0.000888628
7 18 0.000653142
7 19 0.000496837
7 20 0.000393535
7 21 0.000328073
7 22 0.00029177
7 23 0.000280133
7 24 0.00029177
7 25 0.000328073
7 26 0.000393535
7 27 0.000496837
7 28 0.000653142
7 29 0.000888628
7 30 0.00124966
7 31 0.00182236
8 0 0.00182236
8 1 0.00277767
8 2 0.00448621
8 3 0.00785212
8 4 0.0154737
8 5 0.0368831
8 6 0.124844
8 7 0.999843
8 8 0
8 9 0.999843
8 10 0.124844
8 11 0.0368831
8 12 0.0154737
8 13 0.00785212
8 14 0.00448621
8 15 0.00277767
8 16 0.00182236
8 17 0.00124966
8 18 0.000888628
8 19 0.000653142
8 20 0.000496837
8 21 0.000393535
8 22 0.000328073
8 23 0.00029177
8 24 0.000280133
8 25 0.00029177
8 26 0.000328073
8 27 0.000393535
8 28 0.000496837
8 29 0.000653142
8 30 0.000888628
8 31 0.00124966
9 0 0.00124966
9 1 0.00182236
9 2 0.00277767
9 3 0.00448621
9 4 0.00785212
9 5 0.0154737
9 6 0.0368831
9 7 0.124844
9 8 0.999843
9 9 0
9 10 0.999843
9 11 0.124844
9 12 0.0368831
9 13 0.0154737
9 14 0.00785212
9 15 0.00448621
9 16 0.00277767
9 17 0.00182236
9 18 0.00124966
9 19 0.000888628
9 20 0.000653142
9 21 0.000496837
9 22 0.000393535
9 23 0.000328073
9 24 0.00029177
9 25 0.000280133
9 26 0.00029177
9 27 0.000328073
9 28 0.000393535
9 29 0.000496837
9 30 0.000653142
9 31 0.000888628
10 0 0.000888628
10 1 0.00124966
10 2 0.00182236
10 3 0.00277767
10 4 0.00448621
10 5 0.00785212
10 6 0.0154737
10 7 0.0368831
10 8 0.124844
10 9 0.999843
10 10 0
10 11 0.999843
10 12 0.124844
10 13 0.0368831
10 14 0.0154737
10 15 0.00785212
10 16 0.00448621
10 17 0.00277767
10 18 0.00182236
10 19 0.00124966
10 20 0.000888628
10 21 0.000653142
10 22 0.000496837
10 23 0.000393535
10 24 0.000328073
10 25 0.00029177
10 26 0.000280133
10 27 0.00029177
10 28 0.000328073
10 29 0.000393535
10 30 0.000496837
10 31 0.000653142
11 0 0.000653142
11 1 0.000888628
11 2 0.00124966
11 3 0.00182236
11 4 0.00277767
11 5 0.00448621
11 6 0.00785212
11 7 0.0154737
11 8 0.0368831
11 9 0.124844
11 10 0.999843
11 11 0
11 12 0.999843
11 13 0.124844
11 14 0.0368831
11 15 0.0154737
11 16 0.00785212
11 17 0.00448621
11 18 0.00277767
11 19 0.00182236
11 20 0.00124966
11 21 0.000888628
11 22 0.000653142
11 23 0.000496837
11 24 0.000393535
11 25 0.000328073
11 26 0.00029177
11 27 0.000280133
11 28 0.00029177
11 29 0.000328073
11 30 0.000393535
11 31 0.000496837
12 0 0.000496837
12 1 0.000653142
12 2 0.000888628
12 3 0.00124966
12 4 0.00182236
12 5 0.00277767
12 6 0.00448621
12 7 0.00785212
12 8 0.0154737
12 9 0.0368831
12 10 0.124844
12 11 0.999843
12 12 0
12 13 0.999843
12 14 0.124844
12 15 0.0368831
12 16 0.0154737
12 17 0.00785212
12 18 0.00448621
12 19 0.00277767
12 20 0.00182236
12 21 0.00124966
12 22 0.000888628
12 23 0.000653142
12 24 0.000496837
12 25 0.000393535
12 26 0.000328073
12 27 0.00029177
12 28 0.000280133
12 29 0.00029177
12 30 0.000328073
12 31 0.000393535
13 0 0.000393535
13 1 0.000496837
13 2 0.000653142
13 3 0.000888628
13 4 0.00124966
13 5 0.00182236
13 6 0.00277767
13 7 0.00448621
13 8 0.00785212
13 9 0.0154737
13 10 0.0368831
13 11 0.124844
13 12 0.999843
13 13 0
13 14 0.999843
13 15 0.124844
13 16 0.0368831
13 17 0.0154737
13 18 0.00785212
13 19 0.00448621
13 20 0.00277767
13 21 0.00182236
13 22 0.00124966
13 23 0.000888628
13 24 0.000653142
13 25 0.000496837
13 26 0.000393535
13 27 0.000328073
13 28 0.00029177
13 29 0.000280133
13 30 0.00029177
13 31 0.000328073
14 0 0.000328073
14 1 0.000393535
14 2 0.000496837
14 3 0.000653142
14 4 0.000888628
14 5 0.00124966
14 6 0.00182236
14 7 0.00277767
14 8 0.00448621
14 9 0.00785212
14 10 0.0154737
14 11 0.0368831
14 12 0.124844
14 13 0.999843
14 14 0
14 15 0.999843
14 16 0.124844
14 17 0.0368831
14 18 0.0154737
14 19 0.00785212
14 20 0.00448621
14 21 0.00277767
14 22 0.00182236
14 23 0.00124966
14 24 0.000888628
14 25 0.000653142
14 26 0.000496837
14 27 0.000393535
14 28 0.000328073
14 29 0.00029177
14 30 0.000280133
14 31 0.00029177
15 0 0.00029177
15 1 0.000328073
15 2 0.000393535
15 3 0.000496837
15 4 0.000653142
15 5 0.000888628
15 6 0.00124966
15 7 0.00182236
15 8 0.00277767
15 9 0.00448621
15 10 0.00785212
15 11 0.0154737
15 12 0.0368831
15 13 0.124844
15 14 0.999843
15 15 0
15 16 0.999843
15 17 0.124844
15 18 0.0368831
15 19 0.0154737
15 20 0.00785212
15 21 0.00448621
15 22 0.00277767
15 23 0.00182236
15 24 0.00124966
15 25 0.000888628
15 26 0.000653142
15 27 0.000496837
15 28 0.000393535
15 29 0.000328073
15 30 0.00029177
15 31 0.000280133
16 0 0.000280133
16 1 0.00029177
16 2 0.000328073
16 3 0.000393535
16 4 0.000496837
16 5 0.000653142
16 6 0.000888628
16 7 0.00124966
16 8 0.00182236
16 9 0.00277767
16 10 0.00448621
16 11 0.00785212
16 12 0.0154737
16 13 0.0368831
16 14 0.124844
16 15 0.999843
16 16 0
16 17 0.999843
16 18 0.124844
16 19 0.0368831
16 20 0.0154737
16 21 0.00785212
16 22 0.00448621
16 23 0.00277767
16 24 0.00182236
16 25 0.00124966
16 26 0.000888628
16 27 0.000653142
16 28 0.000496837
16 29 0.000393535
16 30 0.000328073
16 31 0.00029177
17 0 0.00029177
17 1 0.000280133
17 2 0.00029177
17 3 0.000328073
17 4 0.000393535
17 5 0.000496837
17 6 0.000653142
17 7 0.000888628
17 8 0.00124966
17 9 0.00182236
17 10 0.00277767
17 11 0.00448621
17 12 0.00785212
17 13 0.0154737
17 14 0.0368831
17 15 0.124844
17 16 0.999843
17 17 0
17 18 0.999843
17 19 0.124844
17 20 0.0368831
17 21 0.0154737
17 22 0.00785212
17 23 0.00448621
17 24 0.00277767
17 25 0.00182236
17 26 0.00124966
17 27 0.000888628
17 28 0.000653142
17 29 0.000496837
17 30 0.000393535
17 31 0.000328073
18 0 0.000328073
18 1 0.00029177
18 2 0.000280133
18 3 0.00029177
18 4 0.000328073
18 5 0.000393535
18 6 0.000496837
18 7 0.000653142
18 8 0.000888628
18 9 0.00124966
18 10 0.00182236
18 11 0.00277767
18 12 0.00448621
18 13 0.00785212
18 14 0.0154737
18 15 0.0368831
18 16 0.124844
18 17 0.999843
18 18 0
18 19 0.999843
18 20 0.124844
18 21 0.0368831
18 22 0.0154737
18 23 0.00785212
18 24 0.00448621
18 25 0.00277767
18 26 0.00182236
18 27 0.00124966
18 28 0.000888628
18 29 0.000653142
18 30 0.000496837
18 31 0.000393535
19 0 0.000393535
19 1 0.000328073
19 2 0.00029177
19 3 0.000280133
19 4 0.00029177
19 5 0.000328073
19 6 0.000393535
19 7 0.000496837
19 8 0.000653142
19 9 0.000888628
19 10 0.00124966
19 11 0.00182236
19 12 0.00277767
19 13 0.00448621
19 14 0.00785212
19 15 0.0154737
19 16 0.0368831
19 17 0.124844
19 18 0.999843
19 19 0
19 20 0.999843
19 21 0.124844
19 22 0.0368831
19 23 0.0154737
19 24 0.00785212
19 25 0.00448621
19 26 0.00277767
19 27 0.00182236
19 28 0.00124966
19 29 0.000888628
19 30 0.000653142
19 31 0.000496837
20 0 0.000496837
20 1 0.000393535
20 2 0.000328073
20 3 0.00029177
20 4 0.000280133
20 5 0.00029177
20 6 0.000328073
20 7 0.000393535
20 8 0.000496837
20 9 0.000653142
20 10 0.000888628
20 11 0.00124966
20 12 0.00182236
20 13 0.00277767
20 14 0.00448621
20 15 0.00785212
20 16 0.0154737
20 17 0.0368831
20 18 0.124844
20 19 0.999843
20 20 0
20 21 0.999843
20 22 0.124844
20 23 0.0368831
20 24 0.0154737
20 25 0.00785212
20 26 0.00448621
20 27 0.00277767
20 28 0.00182236
20 29 0.00124966
20 30 0.000888628
20 31 0.000653142
21 0 0.000653142
21 1 0.000496837
21 2 0.000393535
21 3 0.000328073
21 4 0.00029177
21 5 0.000280133
21 6 0.00029177
21 7 0.000328073
21 8 0.000393535
21 9 0.000496837
21 10 0.000653142
21 11 0.000888628
21 12 0.00124966
21 13 0.00182236
21 14 0.00277767
21 15 0.00448621
21 16 0.00785212
21 17 0.0154737
21 18 0.0368831
21 19 0.124844
21 20 0.999843
21 21 0
21 22 0.999843
21 23 0.124844
21 24 0.0368831
21 25 0.0154737
21 26 0.00785212
21 27 0.00448621
21 28 0.00277767
21 29 0.00182236
21 30 0.00124966
21 31 0.000888628
22 0 0.000888628
22 1 0.000653142
22 2 0.000496837
22 3 0.000393535
22 4 0.000328073
22 5 0.00029177
22 6 0.000280133
22 7 0.00029177
22 8 0.000328073
22 9 0.000393535
22 10 0.000496837
22 11 0.000653142
22 12 0.000888628
22 13 0.00124966
22 14 0.00182236
22 15 0.00277767
22 16 0.00448621
22 17 0.00785212
22 18 0.0154737
22 19 0.0368831
22 20 0.124844
22 21 0.999843
22 22 0
22 23 0.999843
22 24 0.124844
22 25 0.0368831
22 26 0.0154737
22 27 0.00785212
22 28 0.00448621
22 29 0.00277767
22 30 0.00182236
22 31 0.00124966
23 0 0.00124966
23 1 0.000888628
23 2 0.000653142
23 3 0.000496837
23 4 0.000393535
23 5 0.000328073
23 6 0.00029177
23 7 0.000280133
23 8 0.00029177
23 9 0.000328073
23 10 0.000393535
23 11 0.000496837
23 12 0.000653142
23 13 0.000888628
23 14 0.00124966
23 15 0.00182236
23 16 0.00277767
23 17 0.00448621
23 18 0.00785212
23 19 0.0154737
23 20 0.0368831
23 21 0.124844
23 22 0.999843
23 23 0
23 24 0.999843
23 25 0.124844
23 26 0.0368831
23 27 0.0154737
23 28 0.00785212
23 29 0.00448621
23 30 0.00277767
23 31 0.00182236
24 0 0.00182236
24 1 0.00124966
24 2 0.000888628
24 3 0.000653142
24 4 0.000496837
24 5 0.000393535
24 6 0.000328073
24 7 0.00029177
24 8 0.000280133
24 9 0.00029177
24 10 0.000328073
24 11 0.000393535
24 12 0.000496837
24 13 0.000653142
24 14 0.000888628
24 15 0.00124966
24 16 0.00182236
24 17 0.00277767
24 18 0.00448621
24 19 0.00785212
24 20 0.0154737
24 21 0.0368831
24 22 0.124844
24 23 0.999843
24 24 0
24 25 0.999843
24 26 0.124844
24 27 0.0368831
24 28 0.0154737
24 29 0.00785212
24 30 0.00448621
24 31 0.00277767
25 0 0.00277767
25 1 0.00182236
25 2 0.00124966
25 3 0.000888628
25 4 0.000653142
25 5 0.000496837
25 6 0.000393535
25 7 0.000328073
25 8 0.00029177
25 9 0.000280133
25 10 0.00029177
25 11 0.000328073
25 12 0.000393535
25 13 0.000496837
25 14 0.000653142
25 15 0.000888628
25 16 0.00124966
25 17 0.00182236
25 18 0.00277767
25 19 0.00448621
25 20 0.00785212
25 21 0.0154737
25 22 0.0368831
25 23 0.124844
25 24 0.999843
25 25 0
25 26 0.999843
25 27 0.124844
25 28 0.0368831
25 29 0.0154737
25 30 0.00785212
25 31 0.00448621
26 0 0.00448621
26 1 0.00277767
26 2 0.00182236
26 3 0.00124966
26 4 0.000888628
26 5 0.000653142
26 6 0.000496837
26 7 0.000393535
26 8 0.000328073
26 9 0.00029177
26 10 0.000280133
26 11 0.00029177
26 12 0.000328073
26 13 0.000393535
26 14 0.000496837
26 15 0.000653142
26 16 0.000888628
26 17 0.00124966
26 18 0.00182236
26 19 0.00277767
26 20 0.00448621
26 21 0.00785212
26 22 0.0154737
26 23 0.0368831
26 24 0.124844
26 25 0.999843
26 26 0
26 27 0.999843
26 28 0.124844
26 29 0.0368831
26 30 0.0154737
26 31 0.00785212
27 0 0.00785212
27 1 0.00448621
27 2 0.00277767
27 3 0.00182236
27 4 0.00124966
27 5 0.000888628
27 6 0.000653142
27 7 0.000496837
27 8 0.000393535
27 9 0.000328073
27 10 0.00029177
27 11 0.000280133
27 12 0.00029177
27 13 0.000328073
27 14 0.000393535
27 15 0.000496837
27 16 0.000653142
27 17 0.000888628
27 18 0.00124966
27 19 0.00182236
27 20 0.00277767
27 21 0.00448621
27 22 0.00785212
27 23 0.0154737
27 24 0.0368831
27 25 0.124844
27 26 0.999843
27 27 0
27 28 0.999843
27 29 0.124844
27 30 0.0368831
27 31 0.0154737
28 0 0.0154737
28 1 0.00785212
28 2 0.00448621
28 3 0.00277767
28 4 0.00182236
28 5 0.00124966
28 6 0.000888628
28 7 0.000653142
28 8 0.000496837
28 9 0.000393535
28 10 0.000328073
28 11 0.00029177
28 12 0.000280133
28 13 0.00029177
28 14 0.000328073
28 15 0.000393535
28 16 0.000496837
28 17 0.000653142
28 18 0.000888628
28 19 0.00124966
28 20 0.00182236
28 21 0.00277767
28 22 0.00448621
28 23 0.00785212
28 24 0.0154737
28 25 0.0368831
28 26 0.124844
28 27 0.999843
28 28 0
28 29 0.999843
28 30 0.124844
28 31 0.0368831
29 0 0.0368831
29 1 0.0154737
29 2 0.00785212
29 3 0.00448621
29 4 0.00277767
29 5 0.00182236
29 6 0.00124966
29 7 0.000888628
29 8 0.000653142
29 9 0.000496837
29 10 0.000393535
29 11 0.000328073
29 12 0.00029177
29 13 0.000280133
29 14 0.00029177
29 15 0.000328073
29 16 0.000393535
29 17 0.000496837
29 18 0.000653142
29 19 0.000888628
29 20 0.00124966
29 21 0.00182236
29 22 0.00277767
29 23 0.00448621
29 24 0.00785212
29 25 0.0154737
29 26 0.0368831
29 27 0.124844
29 28 0.999843
29 29 0
29 30 0.999843
29 31 0.124844
30 0 0.124844
30 1 0.0368831
30 2 0.0154737
30 3 0.00785212
30 4 0.00448621
30 5 0.00277767
30 6 0.00182236
30 7 0.00124966
30 8 0.000888628
30 9 0.000653142
30 10 0.000496837
30 11 0.000393535
30 12 0.000328073
30 13 0.00029177
30 14 0.000280133
30 15 0.00029177
30 16 0.000328073
30 17 0.000393535
30 18 0.000496837
30 19 0.000653142
30 20 0.000888628
30 21 0.00124966
30 22 0.00182236
30 23 0.00277767
30 24 0.00448621
30 25 0.00785212
30 26 0.0154737
30 27 0.0368831
30 28 0.124844
30 29 0.999843
30 30 0
30 31 0.999843
31 0 0.999843
31 1 0.124844
31 2 0.0368831
31 3 0.0154737
31 4 0.00785212
31 5 0.00448621
31 6 0.00277767
31 7 0.00182236
31 8 0.00124966
31 9 0.000888628
31 10 0.000653142
31 11 0.000496837
31 12 0.000393535
31 13 0.000328073
31 14 0.00029177
31 15 0.000280133
31 16 0.00029177
31 17 0.000328073
31 18 0.000393535
31 19 0.000496837
31 20 0.000653142
31 21 0.000888628
31 22 0.00124966
31 23 0.00182236
31 24 0.00277767
31 25 0.00448621
31 26 0.00785212
31 27 0.0154737
31 28 0.0368831
31 29 0.124844
31 30 0.999843
31 31 0
76.6992
